数据概况
  收益率矩阵: 500 天 × 15 行业
  日期范围: 2024-01-01 00:00:00 ~ 2025-11-28 00:00:00
  行业列表: 银行, 非银金融, 房地产, 电子, 计算机, 通信, 医药, 食品饮料, 农林牧渔, 有色金属, 煤炭, 钢铁, 电力设备, 公用事业, 建筑装饰

描述性统计:
             银行      非银金融       房地产        电子       计算机        通信        医药      食品饮料      农林牧渔      有色金属        煤炭        钢铁      电力设备      公用事业      建筑装饰
count  500.0000  500.0000  500.0000  500.0000  500.0000  500.0000  500.0000  500.0000  500.0000  500.0000  500.0000  500.0000  500.0000  500.0000  500.0000
mean    -0.0004   -0.0005    0.0001   -0.0007   -0.0004    0.0002    0.0005   -0.0005    0.0001   -0.0005   -0.0009   -0.0000   -0.0005   -0.0000   -0.0001
std      0.0210    0.0215    0.0193    0.0209    0.0200    0.0202    0.0208    0.0191    0.0200    0.0204    0.0207    0.0210    0.0192    0.0201    0.0192
min     -0.0613   -0.0637   -0.0511   -0.0553   -0.0679   -0.0542   -0.0678   -0.0791   -0.0585   -0.0608   -0.0591   -0.0663   -0.0526   -0.0782   -0.0601
25%     -0.0143   -0.0134   -0.0128   -0.0138   -0.0141   -0.0123   -0.0137   -0.0119   -0.0130   -0.0139   -0.0144   -0.0130   -0.0133   -0.0132   -0.0128
50%      0.0003    0.0004    0.0006    0.0001    0.0000    0.0008    0.0011    0.0000    0.0001   -0.0009   -0.0013   -0.0004   -0.0005   -0.0005    0.0007
75%      0.0139    0.0141    0.0127    0.0135    0.0128    0.0141    0.0141    0.0120    0.0130    0.0131    0.0139    0.0131    0.0111    0.0141    0.0131
max      0.0513    0.0582    0.0481    0.0680    0.0598    0.0546    0.0593    0.0513    0.0593    0.0650    0.0588    0.0701    0.0695    0.0600    0.0496